# Undirected graph (each unordered pair of nodes is saved once): smallworld.txt
# Watts-Strogatz Small-world model. Every node links to K other nodes.
# Nodes: 1000 Edges: 3999
# NodeId	NodeId
0	1
0	2
0	3
0	4
0	996
0	997
0	998
0	999
1	2
1	3
1	4
1	5
1	997
1	998
1	999
2	3
2	5
2	6
2	158
2	293
2	998
3	4
3	5
3	6
3	7
3	96
3	209
3	999
4	5
4	6
4	7
4	456
4	765
5	6
5	8
5	9
5	822
5	889
5	930
6	7
6	8
6	9
6	846
7	8
7	9
7	10
7	11
8	10
8	11
8	12
8	578
8	731
9	11
9	12
9	13
9	70
9	195
9	397
10	11
10	12
10	13
10	14
11	12
11	13
11	15
11	477
11	700
12	13
12	14
12	15
12	16
12	81
12	312
13	14
13	16
13	17
13	976
14	15
14	16
14	17
14	18
15	16
15	17
15	18
15	19
15	963
16	17
16	19
16	20
16	594
17	18
17	19
17	20
17	21
17	176
18	20
18	22
18	62
18	255
18	803
19	20
19	21
19	22
19	23
19	133
19	532
20	21
20	22
20	23
20	24
20	595
21	22
21	23
21	24
21	25
22	23
22	24
22	25
22	26
23	24
23	25
23	26
23	27
24	25
24	26
24	27
24	28
25	26
25	27
25	28
25	29
26	27
26	29
26	30
26	191
27	28
27	29
27	30
27	31
28	29
28	30
28	31
28	32
29	30
29	31
29	32
29	33
30	32
30	33
30	406
30	809
31	32
31	33
31	34
31	35
32	33
32	34
32	35
32	36
33	34
33	35
33	36
33	37
34	35
34	36
34	37
34	391
34	906
35	36
35	37
35	38
35	39
36	37
36	38
36	39
36	40
37	38
37	39
37	41
37	292
37	759
38	39
38	40
38	41
38	42
39	40
39	41
39	42
39	43
39	568
40	41
40	42
40	43
40	44
40	165
41	42
41	43
41	44
41	45
42	43
42	44
42	45
42	46
42	857
43	45
43	46
43	47
43	74
43	484
44	45
44	46
44	47
44	48
45	46
45	47
45	48
45	49
46	48
46	49
46	106
46	353
46	402
46	444
46	582
47	48
47	49
47	50
47	51
48	50
48	51
48	52
48	776
49	50
49	51
49	52
49	53
50	52
50	54
50	287
50	820
51	52
51	53
51	54
51	55
52	54
52	55
52	56
52	239
52	710
53	54
53	55
53	476
53	864
54	55
54	56
54	57
54	342
55	56
55	57
55	58
55	59
56	58
56	59
56	60
56	312
57	58
57	59
57	61
57	477
57	785
58	59
58	60
58	61
58	62
59	60
59	61
59	62
59	63
59	904
60	61
60	62
60	63
60	64
60	943
61	63
61	64
61	65
61	860
62	63
62	65
62	66
62	575
62	583
63	64
63	65
63	66
63	67
63	986
64	66
64	67
64	68
64	867
65	66
65	67
65	68
65	69
65	406
66	67
66	68
66	69
66	70
66	846
67	68
67	69
67	70
67	71
67	113
68	69
68	70
68	71
68	72
69	70
69	71
69	72
69	73
70	72
70	73
70	74
71	73
71	74
71	75
71	631
72	74
72	98
72	258
72	772
73	76
73	77
73	280
73	906
74	76
74	78
74	188
75	76
75	77
75	78
75	79
75	748
76	77
76	78
76	79
76	80
77	78
77	79
77	80
77	81
77	116
78	79
78	80
78	81
78	82
79	80
79	81
79	82
79	503
80	81
80	82
80	83
80	84
81	82
81	83
81	85
81	772
82	83
82	84
82	86
82	95
83	84
83	85
83	86
83	87
83	311
84	85
84	86
84	87
84	88
84	908
85	86
85	87
85	89
85	808
86	87
86	88
86	89
86	90
87	88
87	89
87	90
87	91
88	89
88	90
88	91
88	92
89	90
89	93
89	97
89	195
90	91
90	93
90	94
90	982
91	93
91	94
91	95
91	647
92	93
92	94
92	95
92	96
92	117
93	94
93	95
93	96
93	257
94	95
94	96
94	97
94	98
95	96
95	97
95	98
95	99
96	97
96	98
96	100
97	98
97	99
97	100
97	101
98	99
98	100
98	101
98	102
99	100
99	101
99	102
99	103
100	102
100	103
100	434
100	481
101	103
101	104
101	105
101	261
102	103
102	104
102	105
102	106
103	104
103	105
103	106
103	107
104	105
104	106
104	107
104	108
105	106
105	107
105	108
105	109
105	444
105	717
106	107
106	108
106	109
107	108
107	109
107	110
107	111
108	109
108	111
108	112
108	790
109	110
109	111
109	112
109	113
109	387
110	111
110	112
110	113
110	114
110	749
111	112
111	113
111	114
111	115
111	286
112	113
112	114
112	115
112	116
113	114
113	116
113	117
114	115
114	116
114	118
114	846
115	116
115	117
115	118
115	119
116	118
116	119
116	120
117	118
117	119
117	120
117	494
118	119
118	120
118	122
118	125
119	120
119	121
119	122
119	123
120	121
120	122
120	123
120	124
121	122
121	123
121	124
121	448
122	123
122	125
122	126
122	443
123	124
123	125
123	126
123	127
123	420
124	125
124	126
124	127
124	406
125	126
125	127
125	128
125	129
126	127
126	129
126	130
126	137
126	759
127	128
127	129
127	130
127	695
127	738
127	979
128	129
128	130
128	131
128	132
128	673
128	771
129	130
129	131
129	132
129	133
130	131
130	132
130	133
130	134
130	285
131	132
131	133
131	134
131	135
132	133
132	135
132	149
132	744
133	134
133	135
133	136
134	135
134	136
134	137
134	138
135	136
135	137
135	138
135	139
136	137
136	138
136	139
136	140
136	510
137	138
137	139
137	140
137	141
138	140
138	141
138	497
138	715
138	747
139	140
139	141
139	142
139	143
140	141
140	142
140	143
140	144
141	142
141	143
141	144
141	145
142	143
142	144
142	145
142	146
142	711
143	144
143	145
143	146
143	147
143	655
144	145
144	146
144	147
144	148
145	146
145	147
145	148
145	773
146	147
146	148
146	149
146	150
147	148
147	149
147	150
147	625
148	149
148	151
148	152
148	795
149	150
149	152
149	153
149	898
150	152
150	153
150	154
150	698
151	152
151	153
151	154
151	155
152	153
152	155
152	156
152	877
153	154
153	155
153	156
153	157
153	475
154	155
154	156
154	158
154	359
154	557
155	156
155	157
155	158
155	159
156	157
156	158
156	159
156	160
157	158
157	159
157	161
157	682
158	159
158	160
158	161
158	162
159	160
159	161
159	162
159	163
159	645
160	161
160	162
160	163
160	164
160	545
161	162
161	163
161	164
161	165
162	163
162	164
162	165
162	166
162	168
163	164
163	165
163	166
163	167
164	165
164	166
164	167
164	168
164	920
165	166
165	168
165	558
166	167
166	168
166	169
166	170
166	689
167	169
167	170
167	171
167	807
168	170
168	171
168	172
168	386
169	171
169	172
169	173
169	441
170	171
170	172
170	173
170	174
171	172
171	173
171	174
171	175
171	248
172	173
172	174
172	175
172	176
173	174
173	175
173	176
173	177
173	257
174	175
174	176
174	177
174	178
175	176
175	177
175	178
175	179
175	303
176	177
176	179
176	180
177	178
177	179
177	180
177	181
178	179
178	181
178	182
178	647
179	180
179	181
179	183
179	809
180	181
180	182
180	183
180	184
181	182
181	183
181	184
181	185
182	183
182	184
182	185
182	186
183	184
183	185
183	186
183	187
184	185
184	186
184	187
184	188
185	186
185	187
185	188
185	189
186	187
186	188
186	189
186	190
187	188
187	189
187	190
187	191
188	189
188	190
188	191
188	192
189	190
189	191
189	192
189	193
190	191
190	192
190	193
190	194
191	192
191	193
191	194
191	195
192	193
192	194
192	195
192	196
193	194
193	195
193	197
193	393
194	196
194	197
194	198
194	252
195	196
195	198
195	199
196	197
196	198
196	199
196	200
197	198
197	199
197	201
197	249
197	515
198	199
198	200
198	201
198	202
199	200
199	201
199	202
199	203
200	201
200	202
200	203
200	204
201	202
201	203
201	204
201	205
202	203
202	204
202	205
202	206
202	269
203	204
203	205
203	206
203	207
204	205
204	206
204	207
204	208
205	206
205	207
205	208
205	209
206	207
206	209
206	210
206	987
207	208
207	210
207	211
207	354
208	209
208	210
208	211
208	212
209	210
209	211
209	213
210	211
210	212
210	213
210	214
211	213
211	214
211	215
211	472
212	213
212	214
212	215
212	216
213	214
213	215
213	216
213	217
214	215
214	216
214	217
214	605
215	216
215	217
215	218
215	219
216	217
216	218
216	219
216	515
217	218
217	219
217	220
217	221
218	219
218	220
218	221
218	334
219	220
219	221
219	222
219	223
220	221
220	222
220	223
220	224
221	222
221	223
221	225
221	351
222	223
222	224
222	225
222	226
223	224
223	225
223	226
223	227
223	369
224	225
224	226
224	227
224	228
224	500
225	226
225	227
225	228
225	229
226	227
226	228
226	229
226	230
227	228
227	231
227	425
227	805
227	923
228	229
228	230
228	231
228	232
229	230
229	231
229	232
229	233
230	231
230	232
230	233
230	234
231	232
231	233
231	234
231	235
232	233
232	234
232	235
232	236
233	234
233	235
233	236
233	237
234	235
234	236
234	237
234	238
235	236
235	237
235	238
235	650
236	237
236	238
236	239
236	240
237	238
237	239
237	240
237	241
237	980
238	239
238	240
238	241
238	242
239	240
239	241
239	243
240	241
240	242
240	243
240	244
241	242
241	243
241	244
241	245
242	243
242	244
242	245
242	246
243	245
243	246
243	247
243	835
244	245
244	246
244	247
244	248
245	246
245	247
245	248
245	249
246	247
246	248
246	249
246	250
247	248
247	249
247	250
247	251
248	249
248	251
248	252
249	250
249	251
249	252
249	253
249	961
250	251
250	252
250	254
250	679
250	936
251	252
251	253
251	254
251	255
252	253
252	254
252	255
252	256
253	254
253	255
253	256
253	257
253	273
254	255
254	256
254	257
254	258
255	256
255	257
255	258
255	259
256	257
256	258
256	259
256	260
257	258
257	260
257	572
258	259
258	260
258	261
258	262
259	261
259	262
259	263
259	496
259	628
259	933
260	261
260	262
260	263
260	264
261	262
261	263
261	264
261	265
262	263
262	264
262	265
262	417
263	264
263	265
263	266
263	267
263	462
263	649
263	871
264	266
264	267
264	268
264	368
264	858
265	266
265	267
265	268
265	269
266	267
266	268
266	269
266	270
267	268
267	269
267	270
267	271
268	269
268	270
268	271
268	272
269	270
269	272
269	863
270	271
270	272
270	273
270	274
271	272
271	273
271	274
271	275
272	273
272	274
272	276
272	958
273	274
273	275
273	276
274	275
274	276
274	277
274	623
275	276
275	277
275	278
275	279
276	277
276	278
276	279
276	280
277	278
277	280
277	281
277	704
278	279
278	280
278	281
278	282
278	754
279	281
279	282
279	283
279	478
280	281
280	282
280	283
280	284
281	282
281	283
281	284
281	285
282	283
282	284
282	285
282	286
283	284
283	285
283	286
283	287
284	285
284	287
284	288
284	634
285	287
285	289
285	698
286	288
286	289
286	290
287	288
287	289
287	290
287	291
287	335
287	673
288	289
288	290
288	291
288	292
289	290
289	291
289	292
289	293
290	291
290	292
290	293
290	294
291	292
291	293
291	294
291	295
292	293
292	294
292	295
292	296
292	851
293	295
293	296
293	691
293	795
294	295
294	296
294	297
294	298
295	296
295	298
295	330
295	505
296	297
296	298
296	299
296	300
296	719
297	298
297	299
297	300
297	301
298	299
298	300
298	301
298	848
299	300
299	301
299	302
299	303
300	301
300	302
300	303
300	304
301	302
301	303
301	304
301	305
302	303
302	304
302	305
302	845
302	976
303	304
303	306
303	307
303	910
304	305
304	306
304	307
304	308
305	306
305	307
305	309
305	731
306	307
306	308
306	309
306	310
307	308
307	309
307	310
307	311
308	309
308	311
308	548
308	818
309	310
309	311
309	312
309	313
310	311
310	312
310	313
310	314
311	313
311	314
311	315
312	313
312	314
312	316
313	314
313	315
313	316
313	317
314	315
314	316
314	317
314	318
315	316
315	317
315	318
315	319
316	317
316	318
316	320
316	536
317	318
317	319
317	320
317	321
318	319
318	320
318	321
318	322
319	320
319	321
319	322
319	777
319	927
320	321
320	322
320	323
320	542
321	322
321	323
321	324
321	325
322	323
322	324
322	325
322	326
323	324
323	325
323	326
323	327
324	326
324	327
324	328
324	793
325	326
325	327
325	328
325	329
326	327
326	328
326	329
326	330
326	741
327	328
327	329
327	330
327	331
328	329
328	330
328	331
328	332
329	330
329	331
329	332
329	333
330	332
330	333
330	334
330	804
331	332
331	333
331	334
331	335
332	333
332	334
332	335
332	336
333	334
333	335
333	336
333	337
333	891
334	335
334	336
334	337
334	338
335	336
335	337
335	338
335	522
336	337
336	339
336	340
336	717
336	735
336	763
337	338
337	339
337	340
337	341
338	339
338	340
338	341
338	342
339	340
339	341
339	342
339	343
339	888
340	341
340	343
340	344
340	855
341	342
341	343
341	344
341	345
341	548
342	343
342	344
342	345
342	346
343	344
343	345
343	346
343	347
344	345
344	346
344	347
344	348
345	346
345	347
345	348
345	349
346	347
346	348
346	349
346	350
347	348
347	349
347	350
347	351
348	349
348	350
348	352
348	360
349	350
349	352
349	353
349	610
350	351
350	352
350	353
350	381
350	390
350	495
351	352
351	353
351	355
351	897
352	353
352	354
352	355
352	356
352	809
353	355
353	356
353	357
354	355
354	356
354	357
354	358
354	361
355	356
355	357
355	358
355	359
356	357
356	358
356	359
356	360
356	409
357	359
357	360
357	361
357	446
357	892
358	359
358	360
358	362
358	859
359	360
359	362
359	363
359	414
360	361
360	362
360	363
360	364
360	553
361	363
361	364
361	365
361	596
362	363
362	364
362	365
362	366
363	365
363	366
363	367
363	693
364	365
364	366
364	367
364	368
365	366
365	367
365	368
365	369
366	367
366	368
366	369
366	370
366	852
367	368
367	369
367	370
367	371
368	369
368	370
368	371
368	372
369	370
369	371
369	372
369	696
370	371
370	372
370	373
370	374
371	372
371	374
371	735
371	915
372	374
372	375
372	763
372	814
373	374
373	375
373	376
373	377
374	375
374	376
374	377
374	729
375	376
375	377
375	378
375	379
376	377
376	378
376	380
376	464
376	748
377	378
377	379
377	380
377	381
378	379
378	380
378	381
378	382
379	380
379	381
379	382
379	383
380	382
380	383
380	384
380	902
380	992
381	382
381	385
381	977
382	383
382	384
382	385
382	386
383	384
383	385
383	386
383	389
384	385
384	386
384	387
384	388
385	386
385	388
385	389
385	893
386	387
386	388
386	390
387	388
387	390
387	391
388	389
388	390
388	391
388	392
388	640
388	646
389	390
389	391
389	392
389	393
390	391
390	392
390	393
390	394
391	392
391	393
391	394
391	718
392	393
392	394
392	395
392	396
393	394
393	395
393	396
393	397
393	571
394	395
394	396
394	398
394	802
395	396
395	397
395	398
395	399
396	397
396	399
396	400
396	949
397	398
397	399
397	400
397	401
398	400
398	401
398	402
398	778
399	400
399	401
399	402
399	403
400	401
400	402
400	403
400	404
401	402
401	403
401	404
401	934
402	403
402	404
402	406
402	576
403	404
403	405
403	407
403	938
404	405
404	406
404	408
404	720
404	915
405	406
405	408
405	409
405	431
405	925
406	408
406	409
406	410
407	408
407	409
407	410
407	411
408	409
408	410
408	411
408	412
409	410
409	411
409	412
410	411
410	412
410	413
410	414
411	412
411	414
411	415
411	937
412	413
412	414
412	415
412	416
413	414
413	415
413	416
413	417
414	415
414	416
414	417
415	416
415	417
415	418
415	419
415	757
416	417
416	418
416	419
416	420
416	805
417	418
417	419
417	420
417	421
418	419
418	421
418	422
418	819
418	892
419	420
419	421
419	422
419	423
419	624
420	421
420	423
420	424
421	422
421	423
421	424
421	425
422	423
422	424
422	425
422	426
423	424
423	426
423	497
423	612
423	957
424	425
424	426
424	427
424	428
424	626
425	426
425	427
425	428
425	429
426	427
426	428
426	429
426	430
427	428
427	429
427	430
427	431
428	429
428	430
428	431
428	432
429	430
429	431
429	432
429	433
430	431
430	432
430	433
430	434
431	432
431	433
431	434
432	433
432	434
432	435
432	436
432	549
433	434
433	436
433	437
433	508
434	435
434	436
434	437
434	438
435	436
435	437
435	438
435	439
436	437
436	438
436	439
436	440
437	438
437	439
437	440
437	441
438	439
438	440
438	441
438	442
439	440
439	441
439	442
439	443
440	441
440	443
440	444
440	460
440	845
441	442
441	443
441	444
441	445
442	443
442	444
442	445
442	446
443	445
443	446
443	447
443	847
444	445
444	448
444	471
445	446
445	447
445	448
445	449
446	447
446	448
446	449
446	450
447	448
447	450
447	578
447	957
448	449
448	450
448	451
448	452
449	450
449	451
449	452
449	453
450	451
450	452
450	453
450	454
451	452
451	453
451	454
451	455
452	453
452	455
452	456
452	910
453	454
453	455
453	456
453	457
454	455
454	456
454	457
454	458
455	456
455	457
455	458
455	459
456	457
456	458
456	459
457	458
457	459
457	460
457	461
457	792
458	459
458	460
458	461
458	462
458	826
459	460
459	461
459	462
459	463
460	462
460	463
460	464
461	462
461	463
461	464
461	465
462	463
462	464
462	465
462	524
462	567
463	464
463	465
463	467
463	933
464	465
464	466
464	467
464	468
465	466
465	467
465	469
465	763
466	467
466	468
466	469
466	470
467	468
467	469
467	471
467	535
467	707
468	469
468	470
468	471
468	472
469	470
469	471
469	473
469	546
469	858
470	471
470	472
470	473
470	474
471	472
471	473
471	474
471	475
472	473
472	474
472	475
472	476
473	474
473	475
473	476
473	477
474	475
474	476
474	477
474	478
475	476
475	477
475	478
475	712
475	949
476	477
476	478
476	479
476	480
477	478
477	479
477	480
478	479
478	480
478	481
478	699
479	481
479	482
479	483
479	646
480	481
480	482
480	483
480	484
481	482
481	483
481	484
481	485
482	483
482	484
482	485
482	486
483	484
483	485
483	486
483	487
484	485
484	486
484	487
484	488
485	486
485	487
485	488
485	489
486	487
486	488
486	489
486	490
487	488
487	489
487	490
487	491
488	489
488	490
488	491
488	492
489	490
489	492
489	493
489	655
490	491
490	492
490	493
490	494
491	492
491	493
491	495
491	875
491	892
492	493
492	494
492	495
492	496
493	494
493	495
493	496
493	497
494	495
494	496
494	727
494	790
495	496
495	498
495	499
496	497
496	498
496	499
496	500
497	499
497	500
497	501
498	499
498	500
498	501
498	502
499	500
499	501
499	502
499	503
500	501
500	502
500	503
501	502
501	503
501	504
501	505
501	977
502	503
502	504
502	505
502	506
503	504
503	505
503	506
503	507
503	835
504	505
504	506
504	507
504	508
505	507
505	508
505	509
505	834
506	507
506	508
506	509
506	510
506	953
507	508
507	509
507	510
507	511
508	509
508	510
508	511
508	512
509	510
509	511
509	512
509	513
510	512
510	513
510	679
511	512
511	514
511	515
511	748
512	513
512	514
512	515
512	516
512	794
513	514
513	515
513	516
513	517
514	515
514	516
514	517
514	518
514	523
515	518
515	519
515	608
516	517
516	519
516	520
516	993
517	518
517	519
517	520
517	676
518	519
518	520
518	521
518	522
519	520
519	521
519	522
519	523
520	521
520	522
520	523
520	524
521	522
521	523
521	524
521	525
522	523
522	525
522	526
522	896
523	525
523	526
523	527
524	525
524	575
524	846
525	526
525	527
525	528
525	529
526	527
526	528
526	529
526	530
527	528
527	529
527	530
527	531
528	529
528	530
528	531
528	532
529	530
529	531
529	532
529	533
530	531
530	532
530	533
530	534
531	532
531	533
531	534
531	535
532	533
532	534
532	536
533	534
533	535
533	536
533	537
534	535
534	537
534	538
534	796
535	536
535	537
535	538
535	539
536	537
536	538
536	539
536	540
537	538
537	539
537	540
537	541
537	614
538	540
538	542
538	587
538	852
539	540
539	541
539	542
539	543
540	541
540	542
540	543
540	544
541	542
541	543
541	544
541	545
542	543
542	544
542	545
542	546
543	544
543	545
543	546
543	547
544	545
544	546
544	547
544	548
545	546
545	548
545	549
546	547
546	548
546	550
547	548
547	549
547	550
547	551
547	936
548	549
548	551
548	552
549	551
549	552
549	553
550	552
550	553
550	554
550	735
551	552
551	553
551	554
551	555
552	553
552	554
552	555
552	556
553	554
553	556
553	557
554	555
554	556
554	557
554	558
555	556
555	557
555	558
555	559
556	557
556	558
556	559
556	560
557	558
557	559
557	560
557	561
558	559
558	561
558	562
558	743
559	560
559	561
559	562
559	563
560	561
560	562
560	563
560	564
561	562
561	563
561	564
561	565
561	701
561	959
562	563
562	564
562	565
562	566
562	708
563	564
563	565
563	566
563	567
564	565
564	566
564	567
564	568
565	566
565	567
565	568
565	569
566	567
566	568
566	570
566	996
567	569
567	570
567	571
568	569
568	571
568	572
569	570
569	571
569	572
569	573
570	571
570	572
570	573
570	574
571	573
571	574
571	575
572	573
572	574
572	575
572	576
573	574
573	576
573	577
573	790
574	575
574	576
574	577
574	578
575	577
575	578
575	579
576	577
576	578
576	579
576	983
577	578
577	579
577	580
577	581
577	735
578	579
578	580
578	581
578	582
579	580
579	581
579	582
579	583
579	689
580	581
580	582
580	583
580	584
581	582
581	583
581	584
581	585
582	585
582	586
582	808
582	955
583	584
583	586
583	587
584	585
584	586
584	587
584	588
585	586
585	587
585	588
585	589
586	587
586	588
586	589
586	590
587	588
587	589
587	590
587	591
588	589
588	590
588	591
588	592
589	590
589	591
589	592
589	593
590	591
590	592
590	593
590	594
591	592
591	593
591	595
591	771
592	593
592	594
592	595
592	596
593	594
593	595
593	596
593	597
594	595
594	596
594	597
594	598
595	596
595	597
595	599
596	598
596	599
596	600
597	598
597	599
597	600
597	601
597	660
598	599
598	601
598	753
598	844
599	600
599	601
599	602
599	603
600	602
600	603
600	604
600	754
600	858
600	980
601	602
601	603
601	604
601	605
602	603
602	604
602	605
602	677
602	688
603	604
603	605
603	606
603	921
604	606
604	607
604	608
604	815
605	606
605	607
605	608
605	609
606	607
606	608
606	609
606	610
607	608
607	609
607	610
607	611
608	609
608	610
608	611
608	612
609	610
609	611
609	612
609	613
610	611
610	612
610	613
610	614
610	845
611	612
611	613
611	614
611	615
612	613
612	614
612	615
612	616
613	614
613	615
613	616
613	617
614	615
614	616
614	617
615	616
615	617
615	618
615	619
616	617
616	618
616	619
616	620
617	618
617	619
617	620
617	621
618	619
618	620
618	621
618	622
619	620
619	621
619	622
619	623
620	621
620	622
620	623
620	624
621	622
621	623
621	624
621	625
622	623
622	624
622	625
622	626
623	624
623	625
623	626
623	627
624	625
624	626
624	627
625	626
625	627
625	628
625	629
626	629
626	630
626	752
626	901
627	628
627	629
627	630
627	631
628	630
628	631
628	632
629	630
629	631
629	632
629	633
630	631
630	632
630	633
630	634
631	632
631	633
631	634
631	635
632	633
632	634
632	635
632	636
633	634
633	635
633	636
633	637
634	635
634	636
634	637
634	638
635	636
635	637
635	638
635	639
636	637
636	638
636	639
636	640
637	638
637	639
637	640
637	641
637	743
637	860
638	639
638	640
638	641
638	642
639	640
639	642
639	643
639	947
640	641
640	643
640	644
641	642
641	643
641	644
641	645
641	686
642	643
642	644
642	645
642	646
643	644
643	645
643	646
643	647
644	645
644	646
644	647
644	648
645	647
645	648
645	649
645	940
646	647
646	648
646	649
646	827
647	648
647	649
647	650
647	651
648	649
648	650
648	651
648	652
648	853
649	650
649	651
649	652
649	858
650	651
650	652
650	653
650	654
650	701
651	652
651	653
651	654
651	655
652	653
652	654
652	655
652	656
653	654
653	655
653	656
653	657
653	966
654	655
654	656
654	657
654	658
655	656
655	657
655	658
656	657
656	658
656	659
656	660
657	659
657	660
657	661
657	997
658	659
658	660
658	662
658	940
659	660
659	661
659	662
659	663
660	661
660	662
660	663
661	662
661	663
661	664
661	665
661	943
662	663
662	664
662	665
662	666
663	664
663	665
663	666
663	667
663	779
664	665
664	666
664	667
664	668
665	666
665	667
665	668
665	669
666	667
666	668
666	669
666	670
667	668
667	669
667	670
667	671
668	669
668	670
668	671
668	672
669	671
669	672
669	673
669	756
670	671
670	672
670	673
670	674
671	672
671	673
671	674
671	675
672	673
672	674
672	675
672	676
672	966
673	674
673	676
674	675
674	676
674	677
674	678
675	676
675	677
675	678
675	679
676	678
676	679
676	680
676	747
677	678
677	679
677	681
678	679
678	680
678	681
678	682
679	680
679	681
679	683
680	681
680	682
680	683
680	684
681	682
681	683
681	684
681	685
682	683
682	684
682	685
682	686
683	684
683	685
683	686
683	687
684	685
684	686
684	687
684	688
685	686
685	687
685	688
685	689
686	688
686	689
686	690
687	688
687	689
687	690
687	691
688	689
688	690
688	691
688	692
689	690
689	691
690	691
690	692
690	693
690	694
691	693
691	694
691	695
692	693
692	694
692	695
692	696
693	694
693	695
693	696
693	697
694	695
694	696
694	697
694	698
695	696
695	698
695	699
696	698
696	699
696	700
697	698
697	699
697	700
697	701
698	699
698	700
698	701
698	702
699	700
699	701
699	702
699	703
700	701
700	702
700	703
700	704
701	702
701	704
702	703
702	704
702	706
702	828
703	704
703	705
703	706
703	707
704	705
704	706
704	707
704	708
705	706
705	707
705	708
705	709
706	707
706	708
706	709
706	710
707	708
707	710
707	711
708	710
708	711
708	712
709	710
709	711
709	712
709	713
710	711
710	712
710	713
710	714
711	712
711	713
711	715
712	713
712	715
712	716
712	766
713	714
713	715
713	716
713	717
713	821
714	715
714	716
714	718
714	981
715	716
715	717
715	718
716	717
716	718
716	719
716	720
717	718
717	719
717	720
717	740
718	720
718	721
718	722
719	720
719	721
719	723
720	721
720	722
720	723
720	724
721	722
721	723
721	724
721	725
722	723
722	724
722	725
722	726
723	724
723	725
723	726
723	727
724	725
724	726
724	727
724	728
725	726
725	727
725	728
725	729
726	727
726	728
726	729
726	730
727	728
727	729
727	730
727	731
728	729
728	730
728	731
728	732
729	730
729	731
729	732
729	733
729	801
730	731
730	732
730	733
730	734
730	744
731	732
731	733
731	735
732	733
732	734
732	735
732	736
733	734
733	736
733	737
733	835
734	735
734	736
734	737
734	738
735	737
735	738
736	738
736	739
736	740
736	897
737	739
737	740
737	741
737	892
738	739
738	740
738	741
738	742
739	741
739	742
739	743
739	894
739	987
740	741
740	742
740	743
741	742
741	743
741	745
742	743
742	744
742	745
742	746
743	744
743	747
743	952
744	746
744	747
744	748
745	746
745	747
745	748
745	749
746	747
746	748
746	749
746	750
747	748
747	749
747	750
747	751
748	752
748	874
749	750
749	752
749	753
749	873
750	751
750	752
750	753
750	754
751	752
751	753
751	754
751	755
751	975
752	753
752	754
752	755
752	756
753	754
753	755
753	756
753	757
754	756
754	757
755	756
755	757
755	758
755	759
756	757
756	758
756	759
756	760
757	758
757	760
757	761
758	759
758	760
758	761
758	762
759	761
759	762
760	761
760	762
760	763
760	764
760	945
761	762
761	763
761	764
761	765
762	763
762	764
762	765
762	766
763	765
763	766
763	767
764	765
764	766
764	767
764	768
765	766
765	767
765	768
765	769
766	768
766	769
766	770
767	768
767	769
767	770
767	771
767	839
767	920
768	769
768	770
768	771
768	772
769	770
769	772
769	773
769	953
770	771
770	772
770	773
770	774
771	773
771	774
771	775
771	784
772	775
772	776
772	794
773	774
773	775
773	776
773	777
774	775
774	776
774	777
774	778
775	776
775	777
775	778
775	779
776	777
776	778
776	779
776	780
777	778
777	779
777	780
777	781
778	779
778	780
778	781
778	782
779	780
779	781
779	783
780	781
780	782
780	783
780	784
781	782
781	783
781	784
781	785
782	783
782	784
782	785
782	786
783	784
783	785
783	786
783	787
784	785
784	786
784	788
785	786
785	787
785	788
786	787
786	788
786	789
786	790
787	788
787	789
787	790
787	791
788	789
788	790
788	791
788	792
789	790
789	791
789	792
789	793
790	791
790	794
790	808
791	792
791	793
791	794
791	795
792	793
792	795
792	796
793	794
793	795
793	796
793	797
794	795
794	796
794	798
795	796
795	797
795	798
795	799
796	797
796	798
796	799
796	800
797	798
797	799
797	800
797	801
798	799
798	800
798	801
798	802
799	800
799	801
799	802
799	803
800	801
800	802
800	803
800	804
801	802
801	804
801	805
802	803
802	804
802	805
802	806
803	804
803	805
803	806
803	807
804	805
804	806
804	807
804	808
805	806
805	809
806	807
806	808
806	809
806	810
807	808
807	809
807	810
807	811
807	852
808	809
808	810
808	811
808	812
809	810
809	811
809	813
810	812
810	813
810	814
810	993
811	812
811	813
811	814
811	815
811	972
812	813
812	814
812	815
812	816
813	814
813	815
813	816
813	817
814	815
814	816
814	817
814	818
815	816
815	817
815	818
815	819
816	817
816	818
816	819
816	820
817	818
817	820
817	821
818	819
818	820
818	821
818	822
819	820
819	821
819	822
820	821
820	822
820	823
820	824
821	823
821	824
821	825
822	823
822	824
822	826
823	824
823	825
823	826
823	827
824	825
824	826
824	827
824	828
825	826
825	827
825	828
825	829
826	827
826	828
826	829
827	828
827	829
827	831
828	829
828	830
828	831
828	832
829	830
829	831
829	832
829	833
830	831
830	832
830	833
830	834
831	832
831	833
831	834
831	835
832	833
832	834
832	835
832	836
833	834
833	835
833	836
833	837
834	835
834	836
834	837
834	838
835	836
835	837
835	838
836	837
836	838
836	839
836	840
837	838
837	839
837	840
837	841
838	839
838	840
838	841
838	842
839	840
839	841
839	843
840	841
840	842
840	843
840	844
841	842
841	843
841	844
841	845
842	843
842	844
842	845
842	846
843	844
843	845
843	846
843	847
843	996
844	845
844	846
844	847
844	848
845	846
845	847
845	849
846	848
846	849
846	850
847	848
847	849
847	850
847	851
848	849
848	850
848	851
848	852
849	850
849	851
849	852
849	853
850	851
850	852
850	853
850	854
851	852
851	853
851	855
852	853
852	855
853	854
853	856
853	857
854	855
854	856
854	858
854	896
855	856
855	857
855	858
855	859
856	857
856	858
856	860
856	884
857	858
857	860
857	926
858	860
858	861
859	860
859	861
859	862
859	863
860	861
860	862
860	863
861	862
861	863
861	864
861	865
862	863
862	864
862	865
862	866
863	864
863	865
863	866
863	867
864	865
864	866
864	867
864	868
865	866
865	867
865	868
865	869
866	867
866	868
866	869
866	870
867	868
867	869
867	870
867	871
868	869
868	870
868	871
868	872
869	870
869	872
869	873
869	952
870	871
870	872
870	873
870	874
871	873
871	874
871	875
872	873
872	874
872	875
872	876
873	874
873	875
873	877
874	875
874	876
874	877
874	878
875	877
875	878
875	879
876	877
876	879
876	880
876	885
877	878
877	879
877	880
877	881
878	879
878	880
878	881
878	882
878	928
879	880
879	881
879	882
879	883
880	881
880	882
880	883
880	884
881	882
881	883
881	884
881	885
882	883
882	884
882	885
882	886
883	884
883	885
883	886
883	887
884	885
884	886
884	887
884	888
885	886
885	887
885	888
885	889
886	887
886	888
886	889
886	890
887	888
887	889
887	890
887	919
888	889
888	890
888	892
888	937
889	890
889	891
889	892
889	893
890	891
890	892
890	893
890	894
891	893
891	894
891	895
892	893
892	895
892	896
893	894
893	895
893	897
893	913
894	895
894	896
894	897
894	898
895	896
895	897
895	898
895	899
896	897
896	898
896	899
897	898
897	899
897	900
897	901
898	899
898	900
898	901
898	902
899	900
899	901
899	902
899	903
900	901
900	902
900	903
900	904
901	902
901	903
901	904
902	903
902	904
902	905
902	906
903	904
903	905
903	906
903	920
904	905
904	906
904	907
905	906
905	907
905	908
905	909
906	907
906	908
906	909
906	910
907	908
907	909
907	910
907	911
908	910
908	911
908	912
909	910
909	911
909	912
909	913
910	911
910	914
910	952
911	912
911	913
911	914
911	915
912	913
912	914
912	915
912	916
913	914
913	915
913	916
913	917
914	915
914	916
914	917
914	918
915	916
915	917
915	918
916	917
916	918
916	919
916	920
917	918
917	919
917	920
917	921
918	919
918	920
918	921
918	922
919	920
919	921
919	922
919	923
920	923
920	924
921	922
921	923
921	924
921	925
922	923
922	924
922	925
922	926
923	924
923	925
923	926
923	927
924	925
924	926
924	927
924	928
925	926
925	927
925	928
925	929
926	927
926	928
926	929
926	930
927	928
927	929
927	931
928	929
928	930
928	931
929	930
929	931
929	932
929	933
930	931
930	932
930	933
931	932
931	933
931	934
931	935
932	933
932	934
932	935
932	936
933	934
933	936
933	937
934	935
934	936
934	937
934	938
935	936
935	937
935	938
935	939
936	938
936	939
936	940
937	938
937	940
937	941
938	939
938	940
938	941
938	942
939	940
939	941
939	942
939	943
940	941
940	943
940	944
941	942
941	943
941	944
941	945
942	943
942	944
942	945
942	946
943	946
943	947
944	945
944	946
944	947
944	948
945	946
945	947
945	948
946	947
946	948
946	949
946	950
947	948
947	949
947	950
947	951
948	949
948	950
948	951
948	952
949	951
949	952
949	953
950	951
950	952
950	953
950	954
951	952
951	953
951	954
951	955
952	953
952	954
952	955
952	956
953	955
953	956
953	957
954	955
954	956
954	957
954	958
955	957
955	958
955	959
956	957
956	958
956	959
956	960
957	958
957	959
957	960
957	961
958	959
958	960
958	961
958	962
959	960
959	961
959	962
960	961
960	962
960	963
960	964
961	962
961	963
961	965
962	963
962	964
962	965
962	966
963	964
963	966
963	967
964	965
964	966
964	967
964	968
965	966
965	967
965	968
965	969
966	968
966	969
967	968
967	969
967	970
967	971
968	969
968	970
968	971
968	972
969	970
969	971
969	972
969	973
970	971
970	972
970	973
970	974
971	972
971	973
971	974
971	975
972	974
972	975
972	976
973	974
973	975
973	976
973	977
974	975
974	976
974	977
974	978
975	976
975	977
975	979
976	977
976	978
976	979
976	999
977	979
977	980
977	981
978	979
978	980
978	981
978	982
979	980
979	981
979	982
980	983
980	984
981	982
981	983
981	984
981	985
982	983
982	984
982	985
982	986
983	984
983	985
983	986
983	987
984	985
984	986
984	987
984	988
985	986
985	987
985	988
985	989
986	987
986	988
986	990
987	989
987	990
987	991
988	989
988	990
988	991
988	992
989	990
989	991
989	992
989	993
990	991
990	992
990	993
990	994
991	992
991	993
991	994
991	995
992	993
992	995
992	996
993	994
993	995
993	996
993	997
994	995
994	996
994	997
994	998
995	996
995	997
995	998
995	999
996	997
996	998
997	998
997	999
998	999
